command=.\cpp\build\solve_small_draws.exe --board 6 --pair-branches 2
self_check=passed
board=6x6
win_length=5
winning_lines=32
method=maker_breaker_pairing
static_pairing_status=node_limit
static_pairing_nodes=171
reply_pairing_status=found
opening_orbits=6
proved_opening_orbits=6
pairing_calls=7
pairing_nodes=214
result_for_black=draw
opening=(0,0) reply=(2,2) pair_count=14
pairs=(2,0)-(3,0) (0,2)-(0,3) (1,3)-(2,3) (5,2)-(5,3) (1,1)-(1,2) (0,1)-(4,5) (2,1)-(3,1) (3,3)-(3,4) (2,5)-(3,5) (5,1)-(1,5) (4,1)-(3,2) (1,4)-(2,4) (1,0)-(5,4) (4,2)-(4,3)
opening=(1,0) reply=(3,2) pair_count=15
pairs=(2,0)-(3,0) (1,2)-(1,4) (2,1)-(2,2) (2,5)-(3,5) (1,1)-(3,1) (4,0)-(1,3) (0,0)-(3,3) (4,4)-(5,5) (2,3)-(4,3) (4,1)-(4,2) (0,2)-(0,3) (0,1)-(4,5) (5,2)-(5,3) (5,1)-(1,5) (2,4)-(3,4)
opening=(2,0) reply=(2,2) pair_count=14
pairs=(3,0)-(4,0) (3,1)-(3,2) (2,5)-(3,5) (1,1)-(2,1) (1,0)-(5,4) (1,2)-(1,3) (3,3)-(4,3) (0,2)-(0,3) (5,2)-(5,3) (5,1)-(1,5) (4,1)-(4,2) (0,1)-(4,5) (2,4)-(3,4) (2,3)-(1,4)
opening=(1,1) reply=(2,2) pair_count=14
pairs=(2,1)-(3,1) (1,2)-(1,3) (2,3)-(3,3) (0,2)-(0,3) (5,2)-(5,3) (3,2)-(3,4) (0,1)-(4,5) (2,0)-(3,0) (2,5)-(3,5) (5,1)-(1,5) (4,1)-(1,4) (2,4)-(4,4) (4,2)-(4,3) (1,0)-(5,4)
opening=(2,1) reply=(2,2) pair_count=14
pairs=(1,1)-(3,1) (1,2)-(1,3) (2,3)-(3,3) (0,2)-(0,3) (5,2)-(5,3) (3,2)-(3,4) (0,1)-(4,5) (2,0)-(3,0) (2,5)-(3,5) (5,1)-(1,5) (4,1)-(1,4) (2,4)-(4,4) (4,2)-(4,3) (1,0)-(5,4)
opening=(2,2) reply=(2,3) pair_count=14
pairs=(1,2)-(3,2) (0,2)-(0,3) (5,2)-(5,3) (4,0)-(0,4) (2,0)-(3,0) (3,1)-(3,4) (2,5)-(3,5) (1,4)-(2,4) (1,1)-(1,3) (1,0)-(5,4) (2,1)-(4,1) (5,1)-(1,5) (4,2)-(4,3) (3,3)-(4,4)
elapsed_s=0.0022775
